   2.5125628140703518E-003   583928.76624137431     
   7.5376884422110550E-003   583411.85873347975     
   1.2562814070351759E-002   582806.49153347150     
   1.7587939698492462E-002   582607.81531661702     
   2.2613065326633167E-002   582444.68001081527     
   2.7638190954773871E-002   582305.47090089053     
   3.2663316582914576E-002   582202.36708738876     
   3.7688442211055280E-002   582145.91160344181     
   4.2713567839195977E-002   582139.32309017843     
   4.7738693467336682E-002   582177.02453369519     
   5.2763819095477386E-002   582245.51823668228     
   5.7788944723618091E-002   582326.04268915462     
   6.2814070351758788E-002   582398.42648814688     
   6.7839195979899500E-002   582445.37365210697     
   7.2864321608040197E-002   582456.31304766622     
   7.7889447236180909E-002   582429.99424635607     
   8.2914572864321606E-002   582375.21968144609     
   8.7939698492462318E-002   582309.43590966321     
   9.2964824120603015E-002   582255.31276579434     
   9.7989949748743727E-002   582235.86005688878     
  0.10301507537688442        582269.00432953157     
  0.10804020100502512        582362.79674388922     
  0.11306532663316583        582512.45485441945     
  0.11809045226130653        582700.17309565516     
  0.12311557788944724        582898.05343815498     
  0.12814070351758794        583073.72268659004     
  0.13316582914572864        583197.46544493991     
  0.13819095477386936        583249.30107359192     
  0.14321608040201006        583224.52504090697     
  0.14824120603015076        583136.70280987944     
  0.15326633165829145        583017.58597660018     
  0.15829145728643215        582913.56105060421     
  0.16331658291457288        582878.06800802937     
  0.16834170854271358        582959.57807172555     
  0.17336683417085427        583186.17812606320     
  0.17839195979899497        583550.91693727963     
  0.18341708542713567        584005.29547158873     
  0.18844221105527639        584468.14227500965     
  0.19346733668341709        584850.74127031211     
  0.19849246231155779        585088.49259411101     
  0.20351758793969849        585162.53228131169     
  0.20854271356783921        585099.22896756057     
  0.21356783919597991        584949.70060650434     
  0.21859296482412061        584764.07818263792     
  0.22361809045226130        584575.69902330963     
  0.22864321608040200        584399.80787320388     
  0.23366834170854273        350085913.51293224     
  0.23869346733668342        350081661.49699283     
  0.24371859296482412        350077878.97911024     
  0.24874371859296482        350074528.08581054     
  0.25376884422110552        350071550.19912928     
  0.25879396984924624        350068896.03434110     
  0.26381909547738691        350066524.22178978     
  0.26884422110552764        350064399.85239345     
  0.27386934673366836        350062493.19831115     
  0.27889447236180903        350060778.69435704     
  0.28391959798994976        350059234.17475086     
  0.28894472361809048        350057840.31000453     
  0.29396984924623115        350056580.18155390     
  0.29899497487437188        350055438.94608253     
  0.30402010050251255        350054403.55927455     
  0.30904522613065327        350053462.54193407     
  0.31407035175879400        350052605.77904099     
  0.31909547738693467        350051824.34605980     
  0.32412060301507539        350051110.35850304     
  0.32914572864321606        350050456.84154940     
  0.33417085427135679        350049857.61697710     
  0.33919597989949751        350049307.20503247     
  0.34422110552763818        350048800.73916209     
  0.34924623115577891        350048333.89182246     
  0.35427135678391958        350047902.80983490     
  0.35929648241206030        350047504.05797648     
  0.36432160804020103        350047134.56969029     
  0.36934673366834170        350046791.60396487     
  0.37437185929648242        350046472.70757157     
  0.37939698492462315        350046175.68196595     
  0.38442211055276382        350045898.55425590     
  0.38944723618090454        350045639.55172217     
  0.39447236180904521        350045397.07944417     
  0.39949748743718594        350045169.70063978     
  0.40452261306532666        350044956.11937797     
  0.40954773869346733        350044755.16536474     
  0.41457286432160806        350044565.78053927     
  0.41959798994974873        350044387.00724924     
  0.42462311557788945        350044217.97780514     
  0.42964824120603018        350044057.90523636     
  0.43467336683417085        350043906.07509792     
  0.43969849246231157        350043761.83819622     
  0.44472361809045224        350043624.60412085     
  0.44974874371859297        350043493.83548564     
  0.45477386934673369        350043369.04279375     
  0.45979899497487436        350043249.77986264     
  0.46482412060301509        350043135.63974345     
  0.46984924623115576        350043026.25109369     
  0.47487437185929648        350042921.27497137     
  0.47989949748743721        350042820.40203619     
  0.48492462311557788        350042723.35018361     
  0.48994974874371860        350042629.86267662     
  0.49497487437185933        350042539.70694244     
  0.50000000000000000        350042452.67432886     
  0.50502512562814073        350042368.58133882     
  0.51005025125628145        350042287.27315480     
  0.51507537688442206        350042208.63061070     
  0.52010050251256279        350042132.58204240     
  0.52512562814070352        350042059.12138319     
  0.53015075376884424        350041988.33302492     
  0.53517587939698497        350041920.42177552     
  0.54020100502512569        350041855.74228203     
  0.54522613065326631        350041794.81673175     
  0.55025125628140703        350041738.32392335     
  0.55527638190954776        350041687.03998959     
  0.56030150753768848        350041641.71544558     
  0.56532663316582921        350041602.88851207     
  0.57035175879396982        350041570.66077679     
  0.57537688442211055        350041544.49142414     
  0.58040201005025127        350041523.08664268     
  0.58542713567839200        350041504.45518756     
  0.59045226130653272        350041486.16031182     
  0.59547738693467334        350041465.72993261     
  0.60050251256281406        350041441.11760122     
  0.60552763819095479        350041411.07195067     
  0.61055276381909551        350041375.29598296     
  0.61557788944723624        350041334.35492635     
  0.62060301507537685        350041289.38690484     
  0.62562814070351758        350041241.73713678     
  0.63065326633165830        350041192.64341927     
  0.63567839195979903        350041143.05260265     
  0.64070351758793975        350041093.57795155     
  0.64572864321608037        350041044.55407387     
  0.65075376884422109        350040996.12934655     
  0.65577889447236182        350040948.35015845     
  0.66080402010050254        350040901.21738946     
  0.66582914572864327        350040854.71602440     
  0.67085427135678388        350040808.82735699     
  0.67587939698492461        350040763.53280634     
  0.68090452261306533        350040718.81471843     
  0.68592964824120606        350040674.65640479     
  0.69095477386934678        350040631.04207426     
  0.69597989949748740        350040587.95677060     
  0.70100502512562812        350040545.38631827     
  0.70603015075376885        350040503.31727058     
  0.71105527638190957        350040461.73686242     
  0.71608040201005030        350040420.63296443     
  0.72110552763819091        350040379.99404049     
  0.72613065326633164        350040339.80910915     
  0.73115577889447236        350040300.06770712     
  0.73618090452261309        350040260.75985503     
  0.74120603015075381        350040221.87602735     
  0.74623115577889443        350040183.40712243     
  0.75125628140703515        350040145.34443706     
  0.75628140703517588        350040107.67964137     
  0.76130653266331660        350040070.40475613     
  0.76633165829145733        350040033.51213253     
  0.77135678391959805        350039996.99443310     
  0.77638190954773867        350039960.84461373     
  0.78140703517587939        350039925.05590856     
  0.78643216080402012        350039889.62181395     
  0.79145728643216084        350039854.53607684     
  0.79648241206030157        350039819.79268062     
  0.80150753768844218        350039785.38583577     
  0.80653266331658291        350039751.30996811     
  0.81155778894472363        350039717.55971152     
  0.81658291457286436        350039684.12989885     
  0.82160804020100509        350039651.01555562     
  0.82663316582914570        350039618.21189493     
  0.83165829145728642        350039585.71431255     
  0.83668341708542715        350039553.51838470     
  0.84170854271356788        350039521.61986727     
  0.84673366834170860        350039490.01469761     
  0.85175879396984921        350039458.69899917     
  0.85678391959798994        350039427.66909212     
  0.86180904522613067        350039396.92151034     
  0.86683417085427139        350039366.45303023     
  0.87185929648241212        350039336.26071876     
  0.87688442211055273        350039306.34200919     
  0.88190954773869346        350039276.69482374     
  0.88693467336683418        350039247.31776547     
  0.89195979899497491        350039218.21041644     
  0.89698492462311563        350039189.37379086     
  0.90201005025125625        350039160.81100678     
  0.90703517587939697        350039132.52825540     
  0.91206030150753770        350039104.53615344     
  0.91708542713567842        350039076.85155952     
  0.92211055276381915        350039049.49991119     
  0.92713567839195976        350039022.51806730     
  0.93216080402010049        350038995.95754582     
  0.93718592964824121        350038969.88787597     
  0.94221105527638194        350038944.39959353     
  0.94723618090452266        350038919.60617709     
  0.95226130653266328        350038895.64403039     
  0.95728643216080400        350038872.66950691     
  0.96231155778894473        350038850.85203797     
  0.96733668341708545        350038830.36272830     
  0.97236180904522618        350038811.35838014     
  0.97738693467336690        350038793.96175498     
  0.98241206030150752        350038778.23990405     
  0.98743718592964824        350038764.18337935     
  0.99246231155778897        350038751.68982142     
  0.99748743718592969        350038740.55550623     
   1.0025125628140703        350038743.56265742     
