   2.5125628140703518E-003   233571.32494546170     
   7.5376884422110550E-003   233364.56070646361     
   1.2562814070351759E-002   233121.34022413430     
   1.7587939698492462E-002   233040.47503370917     
   2.2613065326633167E-002   232973.46914687593     
   2.7638190954773871E-002   232915.70247958731     
   3.2663316582914576E-002   232872.07907105034     
   3.7688442211055280E-002   232846.83862363143     
   4.2713567839195977E-002   232841.27273892562     
   4.7738693467336682E-002   232853.13220823993     
   5.2763819095477386E-002   232876.97716262343     
   5.7788944723618091E-002   232905.24466508455     
   6.2814070351758788E-002   232929.79964954316     
   6.7839195979899500E-002   232943.66208890747     
   7.2864321608040197E-002   232942.56175251675     
   7.7889447236180909E-002   232925.99075542163     
   8.2914572864321606E-002   232897.50622222244     
   8.7939698492462318E-002   232864.16823872691     
   9.2964824120603015E-002   232835.16151394256     
   9.7989949748743727E-002   232819.81992896833     
  0.10301507537688442        232825.42600970730     
  0.10804020100502512        232855.26066089081     
  0.11306532663316583        232907.39362018052     
  0.11809045226130653        232974.59735159288     
  0.12311557788944724        233045.52999375600     
  0.12814070351758794        233107.01333887372     
  0.13316582914572864        233146.93168503701     
  0.13819095477386936        233157.11437525757     
  0.14321608040201006        233135.60159408426     
  0.14824120603015076        233087.88118382334     
  0.15326633165829145        233026.87674983710     
  0.15829145728643215        232971.52058603201     
  0.16331658291457288        232943.67125195212     
  0.16834170854271358        232963.19789896352     
  0.17336683417085427        233041.65476848860     
  0.17839195979899497        233176.25125322386     
  0.18341708542713567        233347.15390651941     
  0.18844221105527639        233521.09983483574     
  0.19346733668341709        233661.68292970839     
  0.19849246231155779        233742.33353778187     
  0.20351758793969849        233755.20429398026     
  0.20854271356783921        233711.00494442016     
  0.21356783919597991        233630.63915292697     
  0.21859296482412061        233534.65509833847     
  0.22361809045226130        233436.74142517053     
  0.22864321608040200        233343.17079859864     
  0.23366834170854273       -265412.18644018960     
  0.23869346733668342       -227326.43673378625     
  0.24371859296482412       -192853.59119362081     
  0.24874371859296482       -161429.82160149550     
  0.25376884422110552       -132729.81411008653     
  0.25879396984924624       -106468.85534865002     
  0.26381909547738691       -82398.519661305822     
  0.26884422110552764       -60301.533858247683     
  0.27386934673366836       -39986.964240166708     
  0.27889447236180903       -21286.097423162544     
  0.28391959798994976       -4049.0951314016711     
  0.28894472361809048        11857.664047079044     
  0.29396984924623115        26553.708995006396     
  0.29899497487437188        40146.212535168277     
  0.30402010050251255        52731.448841346544     
  0.30904522613065327        64396.042781647295     
  0.31407035175879400        75218.055298754247     
  0.31909547738693467        85267.933094830019     
  0.32412060301507539        94609.342483986868     
  0.32914572864321606        103299.90291644121     
  0.33417085427135679        111391.83310897846     
  0.33919597989949751        118932.52096397593     
  0.34422110552763818        125965.02699896728     
  0.34924623115577891        132528.52976387204     
  0.35427135678391958        138658.72060343553     
  0.35929648241206030        144388.15412751760     
  0.36432160804020103        149746.55987569259     
  0.36934673366834170        154761.11991544231     
  0.37437185929648242        159456.71645289147     
  0.37939698492462315        163856.15298119280     
  0.38442211055276382        167980.35201007547     
  0.38944723618090454        171848.53203361540     
  0.39447236180904521        175478.36605697160     
  0.39949748743718594        178886.12371368683     
  0.40452261306532666        182086.79877906397     
  0.40954773869346733        185094.22368053079     
  0.41457286432160806        187921.17242882308     
  0.41959798994974873        190579.45323935291     
  0.42462311557788945        193079.99198652792     
  0.42964824120603018        195432.90749197034     
  0.43467336683417085        197647.57955403859     
  0.43969849246231157        199732.71051431377     
  0.44472361809045224        201696.38106627902     
  0.44974874371859297        203546.10093197948     
  0.45477386934673369        205288.85494483402     
  0.45979899497487436        206931.14506767516     
  0.46482412060301509        208479.02875223057     
  0.46984924623115576        209938.15409198042     
  0.47487437185929648        211313.79219168553     
  0.47989949748743721        212610.86720935476     
  0.48492462311557788        213833.98470343067     
  0.48994974874371860        214987.45909624442     
  0.49497487437185933        216075.34162543714     
  0.50000000000000000        217101.45087201265     
  0.50502512562814073        218069.40924417251     
  0.51005025125628145        218982.69050629879     
  0.51507537688442206        219844.68547006464     
  0.52010050251256279        220658.79457118781     
  0.52512562814070352        221428.55566430348     
  0.53015075376884424        222157.81034841784     
  0.53517587939698497        222850.89914657723     
  0.54020100502512569        223512.85234215087     
  0.54522613065326631        224149.51025989885     
  0.55025125628140703        224767.47272980178     
  0.55527638190954776        225373.76062869304     
  0.56030150753768848        225975.09825973655     
  0.56532663316582921        226576.81582981464     
  0.57035175879396982        227181.52627621777     
  0.57537688442211055        227787.91002345551     
  0.58040201005025127        228390.06276113470     
  0.58542713567839200        228977.82856821071     
  0.59045226130653272        229538.29920320213     
  0.59547738693467334        230058.25459026289     
  0.60050251256281406        230526.90743652591     
  0.60552763819095479        230938.10660378565     
  0.61055276381909551        231291.29343036469     
  0.61557788944723624        231590.96411692305     
  0.62060301507537685        231844.95881167753     
  0.62562814070351758        232062.29378076689     
  0.63065326633165830        232251.29592081124     
  0.63567839195979903        232418.51410554419     
  0.64070351758793975        232568.46721889300     
  0.64572864321608037        232703.97218461067     
  0.65075376884422109        232826.69525794254     
  0.65577889447236182        232937.65500991791     
  0.66080402010050254        233037.56041335734     
  0.66582914572864327        233126.98919596325     
  0.67085427135678388        233206.46257568616     
  0.67587939698492461        233276.46998858405     
  0.68090452261306533        233337.47575489176     
  0.68592964824120606        233389.92108321725     
  0.69095477386934678        233434.22532396996     
  0.69597989949748740        233470.78715110116     
  0.70100502512562812        233499.98569294007     
  0.70603015075376885        233522.18158500479     
  0.71105527638190957        233537.71796455584     
  0.71608040201005030        233546.92139396304     
  0.72110552763819091        233550.10272978107     
  0.72613065326633164        233547.55794620037     
  0.73115577889447236        233539.56890615495     
  0.73618090452261309        233526.40408622986     
  0.74120603015075381        233508.31927009509     
  0.74623115577889443        233485.55819060211     
  0.75125628140703515        233458.35314941499     
  0.75628140703517588        233426.92559376976     
  0.76130653266331660        233391.48666445445     
  0.76633165829145733        233352.23771848273     
  0.77135678391959805        233309.37082187121     
  0.77638190954773867        233263.06921316287     
  0.78140703517587939        233213.50775243761     
  0.78643216080402012        233160.85333314142     
  0.79145728643216084        233105.26529203029     
  0.79648241206030157        233046.89577709429     
  0.80150753768844218        232985.89011880779     
  0.80653266331658291        232922.38716333057     
  0.81155778894472363        232856.51960989693     
  0.81658291457286436        232788.41431727784     
  0.82160804020100509        232718.19260628463     
  0.82663316582914570        232645.97055170499     
  0.83165829145728642        232571.85925787874     
  0.83668341708542715        232495.96513370285     
  0.84170854271356788        232418.39016150031     
  0.84673366834170860        232339.23216606537     
  0.85175879396984921        232258.58508753451     
  0.85678391959798994        232176.53927744227     
  0.86180904522613067        232093.18182006921     
  0.86683417085427139        232008.59691361722     
  0.87185929648241212        231922.86635537981     
  0.87688442211055273        231836.07018197654     
  0.88190954773869346        231748.28758107428     
  0.88693467336683418        231659.59820685838     
  0.89195979899497491        231570.08412279724     
  0.89698492462311563        231479.83266249159     
  0.90201005025125625        231388.94058853434     
  0.90703517587939697        231297.52002376108     
  0.91206030150753770        231205.70666532870     
  0.91708542713567842        231113.67076659785     
  0.92211055276381915        231021.63122601504     
  0.92713567839195976        230929.87269361410     
  0.93216080402010049        230838.76503865735     
  0.93718592964824121        230748.78350017627     
  0.94221105527638194        230660.52670448297     
  0.94723618090452266        230574.72835354018     
  0.95226130653266328        230492.25723310607     
  0.95728643216080400        230414.09953960532     
  0.96231155778894473        230341.31791280711     
  0.96733668341708545        230274.98337181716     
  0.97236180904522618        230216.07992162474     
  0.97738693467336690        230165.38665840996     
  0.98241206030150752        230123.34829403332     
  0.98743718592964824        230089.95086746640     
  0.99246231155778897        230064.62352137989     
  0.99748743718592969        230046.18780986045     
   1.0025125628140703        230111.86616906294     
