   2.5125628140703518E-003   7.6331241177415841     
   7.5376884422110550E-003   7.6283015952469224     
   1.2562814070351759E-002   7.6082852748661773     
   1.7587939698492462E-002   7.6027476523952089     
   2.2613065326633167E-002   7.5994659546924641     
   2.7638190954773871E-002   7.5969848730059280     
   3.2663316582914576E-002   7.5950976331467102     
   3.7688442211055280E-002   7.5938322459080698     
   4.2713567839195977E-002   7.5932029806328067     
   4.7738693467336682E-002   7.5931483205019683     
   5.2763819095477386E-002   7.5935307458682679     
   5.7788944723618091E-002   7.5941624070471505     
   6.2814070351758788E-002   7.5948429392900279     
   6.7839195979899500E-002   7.5954005732277050     
   7.2864321608040197E-002   7.5957284945725778     
   7.7889447236180909E-002   7.5958091667974346     
   8.2914572864321606E-002   7.5957211502801352     
   8.7939698492462318E-002   7.5956258535913737     
   9.2964824120603015E-002   7.5957352818818888     
   9.7989949748743727E-002   7.5962657319099218     
  0.10301507537688442        7.5973859515069346     
  0.10804020100502512        7.5991707679743312     
  0.11306532663316583        7.6015716346142579     
  0.11809045226130653        7.6044130858922072     
  0.12311557788944724        7.6074185750252168     
  0.12814070351758794        7.6102617385133451     
  0.13316582914572864        7.6126322357760916     
  0.13819095477386936        7.6143017081841426     
  0.14321608040201006        7.6151764956524390     
  0.14824120603015076        7.6153283131670690     
  0.15326633165829145        7.6149985909119806     
  0.15829145728643215        7.6145731911097139     
  0.16331658291457288        7.6145219976030951     
  0.16834170854271358        7.6152986234734019     
  0.17336683417085427        7.6172088006738230     
  0.17839195979899497        7.6202854757484539     
  0.18341708542713567        7.6242391464847445     
  0.18844221105527639        7.6285494212191569     
  0.19346733668341709        7.6327011848039668     
  0.19849246231155779        7.6364688435425307     
  0.20351758793969849        7.6400926728673566     
  0.20854271356783921        7.6442314194225940     
  0.21356783919597991        7.6497015569506583     
  0.21859296482412061        7.6571763510912865     
  0.22361809045226130        7.6669869255665759     
  0.22864321608040200        7.6791321144043270     
  0.23366834170854273        992.77043763309894     
  0.23869346733668342        992.86459462899984     
  0.24371859296482412        993.06793288239271     
  0.24874371859296482        993.35359135368640     
  0.25376884422110552        993.68209193517373     
  0.25879396984924624        994.01978661193073     
  0.26381909547738691        994.34442053034593     
  0.26884422110552764        994.64498546600691     
  0.27386934673366836        994.91886391329240     
  0.27889447236180903        995.16835240170747     
  0.28391959798994976        995.39783293683752     
  0.28894472361809048        995.61199162353887     
  0.29396984924623115        995.81494027616736     
  0.29899497487437188        996.00991866605955     
  0.30402010050251255        996.19929240360511     
  0.30904522613065327        996.38466551873682     
  0.31407035175879400        996.56701752081642     
  0.31909547738693467        996.74683037458203     
  0.32412060301507539        996.92419747824886     
  0.32914572864321606        997.09891643183130     
  0.33417085427135679        997.27056931435527     
  0.33919597989949751        997.43859337115646     
  0.34422110552763818        997.60234364450264     
  0.34924623115577891        997.76114795274418     
  0.35427135678391958        997.91435393380550     
  0.35929648241206030        998.06136758961406     
  0.36432160804020103        998.20168281031999     
  0.36934673366834170        998.33490163590011     
  0.37437185929648242        998.46074544488818     
  0.37939698492462315        998.57905775240613     
  0.38442211055276382        998.68979975726756     
  0.38944723618090454        998.79304012578802     
  0.39447236180904521        998.88894069555772     
  0.39949748743718594        998.97773981537773     
  0.40452261306532666        999.05973491994257     
  0.40954773869346733        999.13526569323176     
  0.41457286432160806        999.20469884190038     
  0.41959798994974873        999.26841513199383     
  0.42462311557788945        999.32679898076674     
  0.42964824120603018        999.38023057616908     
  0.43467336683417085        999.42908026506939     
  0.43969849246231157        999.47370482058375     
  0.44472361809045224        999.51444514532727     
  0.44974874371859297        999.55162497806339     
  0.45477386934673369        999.58555023293275     
  0.45979899497487436        999.61650869335881     
  0.46482412060301509        999.64476988450917     
  0.46984924623115576        999.67058503596411     
  0.47487437185929648        999.69418710998855     
  0.47989949748743721        999.71579091255796     
  0.48492462311557788        999.73559332386446     
  0.48994974874371860        999.75377368489467     
  0.49497487437185933        999.77049436400591     
  0.50000000000000000        999.78590151019171     
  0.50502512562814073        999.80012598194526     
  0.51005025125628145        999.81328442353708     
  0.51507537688442206        999.82548045145211     
  0.52010050251256279        999.83680590950803     
  0.52512562814070352        999.84734215189746     
  0.53015075376884424        999.85716131685103     
  0.53517587939698497        999.86632755309256     
  0.54020100502512569        999.87489815899255     
  0.54522613065326631        999.88292458889850     
  0.55025125628140703        999.89045327213546     
  0.55527638190954776        999.89752618876537     
  0.56030150753768848        999.90418116361298     
  0.56532663316582921        999.91045188647149     
  0.57035175879396982        999.91636774203209     
  0.57537688442211055        999.92195361907193     
  0.58040201005025127        999.92722992609913     
  0.58542713567839200        999.93221302430425     
  0.59045226130653272        999.93691617261413     
  0.59547738693467334        999.94135088535575     
  0.60050251256281406        999.94552840604615     
  0.60552763819095479        999.94946090019039     
  0.61055276381909551        999.95316203536674     
  0.61557788944723624        999.95664683481516     
  0.62060301507537685        999.95993095948415     
  0.62562814070351758        999.96302976141965     
  0.63065326633165830        999.96595747153106     
  0.63567839195979903        999.96872674905103     
  0.64070351758793975        999.97134862169196     
  0.64572864321608037        999.97383269593149     
  0.65075376884422109        999.97618746814123     
  0.65577889447236182        999.97842060837149     
  0.66080402010050254        999.98053916117181     
  0.66582914572864327        999.98254966668060     
  0.67085427135678388        999.98445823009399     
  0.67587939698492461        999.98627056334374     
  0.68090452261306533        999.98799201611928     
  0.68592964824120606        999.98962760217944     
  0.69095477386934678        999.99118202358261     
  0.69597989949748740        999.99265969238900     
  0.70100502512562812        999.99406475086516     
  0.70603015075376885        999.99540109002760     
  0.71105527638190957        999.99667236706034     
  0.71608040201005030        999.99788202104116     
  0.72110552763819091        999.99903328735502     
  0.72613065326633164        1000.0001292113219     
  0.73115577889447236        1000.0011726612012     
  0.73618090452261309        1000.0021663391080     
  0.74120603015075381        1000.0031127916462     
  0.74623115577889443        1000.0040144204268     
  0.75125628140703515        1000.0048734912036     
  0.75628140703517588        1000.0056921422727     
  0.76130653266331660        1000.0064723924721     
  0.76633165829145733        1000.0072161487260     
  0.77135678391959805        1000.0079252129086     
  0.77638190954773867        1000.0086012881853     
  0.78140703517587939        1000.0092459850005     
  0.78643216080402012        1000.0098608271520     
  0.79145728643216084        1000.0104472563813     
  0.79648241206030157        1000.0110066373060     
  0.80150753768844218        1000.0115402622924     
  0.80653266331658291        1000.0120493557736     
  0.81155778894472363        1000.0125350779979     
  0.81658291457286436        1000.0129985286660     
  0.82160804020100509        1000.0134407506315     
  0.82663316582914570        1000.0138627331454     
  0.83165829145728642        1000.0142654151488     
  0.83668341708542715        1000.0146496874809     
  0.84170854271356788        1000.0150163961927     
  0.84673366834170860        1000.0153663450996     
  0.85175879396984921        1000.0157002978281     
  0.85678391959798994        1000.0160189803580     
  0.86180904522613067        1000.0163230835013     
  0.86683417085427139        1000.0166132649392     
  0.87185929648241212        1000.0168901517554     
  0.87688442211055273        1000.0171543443774     
  0.88190954773869346        1000.0174064208448     
  0.88693467336683418        1000.0176469442521     
  0.89195979899497491        1000.0178764755533     
  0.89698492462311563        1000.0180955950918     
  0.90201005025125625        1000.0183049380204     
  0.90703517587939697        1000.0185052516265     
  0.91206030150753770        1000.0186974842316     
  0.91708542713567842        1000.0188829135465     
  0.92211055276381915        1000.0190633224279     
  0.92713567839195976        1000.0192412239467     
  0.93216080402010049        1000.0194201358081     
  0.93718592964824121        1000.0196049134258     
  0.94221105527638194        1000.0198021861082     
  0.94723618090452266        1000.0200209942984     
  0.95226130653266328        1000.0202737167597     
  0.95728643216080400        1000.0205771157312     
  0.96231155778894473        1000.0209525391101     
  0.96733668341708545        1000.0214230356252     
  0.97236180904522618        1000.0220044570692     
  0.97738693467336690        1000.0226900515330     
  0.98241206030150752        1000.0234355417115     
  0.98743718592964824        1000.0241602860928     
  0.99246231155778897        1000.0247768505169     
  0.99748743718592969        1000.0252357469793     
   1.0025125628140703        1000.0258637159395     
