   2.5125628140703518E-003 -0.34485241204113465     
   7.5376884422110550E-003  0.34613350637295381     
   1.2562814070351759E-002  0.90866482108584579     
   1.7587939698492462E-002   1.3204202943916112     
   2.2613065326633167E-002   1.7020047886315537     
   2.7638190954773871E-002   2.0660881731505882     
   3.2663316582914576E-002   2.4161582888933824     
   3.7688442211055280E-002   2.7548258187050840     
   4.2713567839195977E-002   3.0853471409694171     
   4.7738693467336682E-002   3.4118173724504870     
   5.2763819095477386E-002   3.7388623118654301     
   5.7788944723618091E-002   4.0710596446220579     
   6.2814070351758788E-002   4.4122306850733617     
   6.7839195979899500E-002   4.7647455272834769     
   7.2864321608040197E-002   5.1289901190666702     
   7.7889447236180909E-002   5.5031286864239588     
   8.2914572864321606E-002   5.8832540475416399     
   8.7939698492462318E-002   6.2639555213819600     
   9.2964824120603015E-002   6.6392567503688866     
   9.7989949748743727E-002   7.0037926417740275     
  0.10301507537688442        7.3540177202871435     
  0.10804020100502512        7.6891859340043380     
  0.11306532663316583        8.0118393100406013     
  0.11809045226130653        8.3276125162451233     
  0.12311557788944724        8.6443057144992981     
  0.12814070351758794        8.9703674633199242     
  0.13316582914572864        9.3130979001137550     
  0.13819095477386936        9.6769599409966744     
  0.14321608040201006        10.062341729804167     
  0.14824120603015076        10.464985517470476     
  0.15326633165829145        10.876181127382567     
  0.15829145728643215        11.283800986038662     
  0.16331658291457288        11.674311429137120     
  0.16834170854271358        12.035859036795090     
  0.17336683417085427        12.362147841364077     
  0.17839195979899497        12.656017846046636     
  0.18341708542713567        12.930830511739865     
  0.18844221105527639        13.207877362979923     
  0.19346733668341709        13.509740626954457     
  0.19849246231155779        13.852226238870783     
  0.20351758793969849        14.239096605357405     
  0.20854271356783921        14.662536852092401     
  0.21356783919597991        15.108641747751252     
  0.21859296482412061        15.564088329224091     
  0.22361809045226130        16.020131606867604     
  0.22864321608040200        16.472820328265506     
  0.23366834170854273        16.192383934249808     
  0.23869346733668342        15.518273047393386     
  0.24371859296482412        14.885512606290044     
  0.24874371859296482        14.290677547158362     
  0.25376884422110552        13.730798056137063     
  0.25879396984924624        13.203188362833139     
  0.26381909547738691        12.705415511744773     
  0.26884422110552764        12.235271626412091     
  0.27386934673366836        11.790749477928058     
  0.27889447236180903        11.370020987276357     
  0.28391959798994976        10.971418323295630     
  0.28894472361809048        10.593417285080957     
  0.29396984924623115        10.234622676244566     
  0.29899497487437188        9.8937554043720528     
  0.30402010050251255        9.5696410721908762     
  0.30904522613065327        9.2611998613757276     
  0.31407035175879400        8.9674375408430027     
  0.31909547738693467        8.6874374571774915     
  0.32412060301507539        8.4203533858066351     
  0.32914572864321606        8.1654031386497241     
  0.33417085427135679        7.9218628381574954     
  0.33919597989949751        7.6890617795940406     
  0.34422110552763818        7.4663778135640619     
  0.34924623115577891        7.2532331895005635     
  0.35427135678391958        7.0490908082880299     
  0.35929648241206030        6.8534508386573556     
  0.36432160804020103        6.6658476575604757     
  0.36934673366834170        6.4858470795468444     
  0.37437185929648242        6.3130438443690684     
  0.37939698492462315        6.1470593356677012     
  0.38442211055276382        5.9875395067632251     
  0.38944723618090454        5.8341529923469864     
  0.39447236180904521        5.6865893872743367     
  0.39949748743718594        5.5445576757834676     
  0.40452261306532666        5.4077847963076735     
  0.40954773869346733        5.2760143286773555     
  0.41457286432160806        5.1490052919414335     
  0.41959798994974873        5.0265310422900251     
  0.42462311557788945        4.9083782616717757     
  0.42964824120603018        4.7943460286903452     
  0.43467336683417085        4.6842449642168695     
  0.43969849246231157        4.5778964449379913     
  0.44472361809045224        4.4751318787451124     
  0.44974874371859297        4.3757920364697505     
  0.45477386934673369        4.2797264350279658     
  0.45979899497487436        4.1867927675155476     
  0.46482412060301509        4.0968563762413082     
  0.46984924623115576        4.0097897650875538     
  0.47487437185929648        3.9254721479581267     
  0.47989949748743721        3.8437890304502575     
  0.48492462311557788        3.7646318222629684     
  0.48994974874371860        3.6878974782992504     
  0.49497487437185933        3.6134881669826262     
  0.50000000000000000        3.5413109650583849     
  0.50502512562814073        3.4712775791929964     
  0.51005025125628145        3.4033040960255754     
  0.51507537688442206        3.3373107638494939     
  0.52010050251256279        3.2732218103041615     
  0.52512562814070352        3.2109653002707472     
  0.53015075376884424        3.1504730347849681     
  0.53517587939698497        3.0916804829555442     
  0.54020100502512569        3.0345267228774753     
  0.54522613065326631        2.9789543451550933     
  0.55025125628140703        2.9249092497600953     
  0.55527638190954776        2.8723402560604043     
  0.56030150753768848        2.8211984643826109     
  0.56532663316582921        2.7714363701929603     
  0.57035175879396982        2.7230068383728101     
  0.57537688442211055        2.6758621671946416     
  0.58040201005025127        2.6299535529230611     
  0.58542713567839200        2.5852312407047071     
  0.59045226130653272        2.5416454791493424     
  0.59547738693467334        2.4991481166568645     
  0.60050251256281406        2.4576943964364144     
  0.60552763819095479        2.4172443684771499     
  0.61055276381909551        2.3777634378454731     
  0.61557788944723624        2.3392218878219477     
  0.62060301507537685        2.3015936069387819     
  0.62562814070351758        2.2648545180471316     
  0.63065326633165830        2.2289812322464782     
  0.63567839195979903        2.1939502504240593     
  0.64070351758793975        2.1597377480184869     
  0.64572864321608037        2.1263197614862266     
  0.65075376884422109        2.0936725281611306     
  0.65577889447236182        2.0617727919409328     
  0.66080402010050254        2.0305979951487649     
  0.66582914572864327        2.0001263610824540     
  0.67085427135678388        1.9703369065838778     
  0.67587939698492461        1.9412094219068081     
  0.68090452261306533        1.9127244399738230     
  0.68592964824120606        1.8848632042215330     
  0.69095477386934678        1.8576076376480068     
  0.69597989949748740        1.8309403134424487     
  0.70100502512562812        1.8048444271117425     
  0.70603015075376885        1.7793037700016616     
  0.71105527638190957        1.7543027041268195     
  0.71608040201005030        1.7298261382295024     
  0.72110552763819091        1.7058595050032550     
  0.72613065326633164        1.6823887394155035     
  0.73115577889447236        1.6594002580672773     
  0.73618090452261309        1.6368809395340911     
  0.74120603015075381        1.6148181056372974     
  0.74623115577889443        1.5931995035955853     
  0.75125628140703515        1.5720132890097971     
  0.75628140703517588        1.5512480096380865     
  0.76130653266331660        1.5308925899180001     
  0.76633165829145733        1.5109363161975855     
  0.77135678391959805        1.4913688226408623     
  0.77638190954773867        1.4721800777691305     
  0.78140703517587939        1.4533603716049213     
  0.78643216080402012        1.4349003033956524     
  0.79145728643216084        1.4167907698764881     
  0.79648241206030157        1.3990229540536783     
  0.80150753768844218        1.3815883144784620     
  0.80653266331658291        1.3644785749895703     
  0.81155778894472363        1.3476857149000672     
  0.81658291457286436        1.3312019596056190     
  0.82160804020100509        1.3150197715996093     
  0.82663316582914570        1.2991318418667739     
  0.83165829145728642        1.2835310816493559     
  0.83668341708542715        1.2682106145581937     
  0.84170854271356788        1.2531637690222051     
  0.84673366834170860        1.2383840710576044     
  0.85175879396984921        1.2238652373490067     
  0.85678391959798994        1.2096011686334753     
  0.86180904522613067        1.1955859433845186     
  0.86683417085427139        1.1818138118045649     
  0.87185929648241212        1.1682791901333118     
  0.87688442211055273        1.1549766553118963     
  0.88190954773869346        1.1419009400569962     
  0.88693467336683418        1.1290469284344316     
  0.89195979899497491        1.1164096520668378     
  0.89698492462311563        1.1039842871693464     
  0.90201005025125625        1.0917661526591940     
  0.90703517587939697        1.0797507096502299     
  0.91206030150753770        1.0679335626725879     
  0.91708542713567842        1.0563104629354643     
  0.92211055276381915        1.0448773138362195     
  0.92713567839195976        1.0336301786610165     
  0.93216080402010049        1.0225652899847599     
  0.93718592964824121        1.0116790596337764     
  0.94221105527638194        1.0009680872492204     
  0.94723618090452266       0.99042916459322350     
  0.95226130653266328       0.98005927194026410     
  0.95728643216080400       0.96985556246128779     
  0.96231155778894473       0.95981533079637849     
  0.96733668341708545       0.94993596326619612     
  0.97236180904522618       0.94021486961302425     
  0.97738693467336690       0.93064939967207405     
  0.98241206030150752       0.92123675252644954     
  0.98743718592964824       0.91197388971743210     
  0.99246231155778897       0.90285746687655943     
  0.99748743718592969       0.89388379843097299     
   1.0025125628140703       0.88495743963635221     
